
global EdgeData;

EdgeData = [
       0,       0,        0,        0,        0,       0,       0,       0,       0,       0,       0,      0 , 
       0,       0,        0,        0,        0,       0,       0,       0,       0,       0,       0,      0 , 
       0,       0,        0,        0,        0,       0,       0,       0,       0,       0,       0,      0 , 
    54.3,       0,        0,        0,        0,       0,       0,       0,       0,       0,       0,      0 , 
   108.5,       0,        0,        0,        0,       0,       0,       0,       0,       0,       0,      0 , 
   183.3,       0,        0,        0,        0,       0,       0,       0,       0,       0,       0,      0 , 
   277.0,       0,        0,        0,        0,       0,       0,       0,       0,       0,       0,      0 , 
   392.4,       0,        0,        0,        0,       0,       0,       0,       0,       0,       0,      0 , 
   524.9,       0,        0,        0,        0,       0,       0,       0,       0,       0,       0,      0 , 
   676.8,       0,        0,        0,        0,       0,       0,       0,       0,       0,       0,      0 , 
   848.6,       0,        0,        0,        0,       0,       0,       0,       0,       0,       0,      0 , 
  1041.0,       0,        0,        0,        0,       0,       0,       0,       0,       0,       0,      0 , 
  1253.6,       0,        0,        0,        0,       0,       0,       0,       0,       0,       0,      0 , 
  1486.7,  1486.3,   1557.4,        0,        0,       0,       0,       0,       0,       0,       0,      0 , 
  1740.0,  1739.4,   1835.9,        0,        0,       0,       0,       0,       0,       0,       0,      0 , 
  2013.7,  2012.7,   2139.1,        0,        0,       0,       0,       0,       0,       0,       0,      0 , 
  2307.8,  2306.6,   2464.0,        0,        0,       0,       0,       0,       0,       0,       0,      0 , 
  2622.4,  2620.8,   2815.6,        0,        0,       0,       0,       0,       0,       0,       0,      0 , 
  2957.7,  2955.6,   3190.5,        0,        0,       0,       0,       0,       0,       0,       0,      0 , 
  3313.8,  3311.1,   3589.6,        0,        0,       0,       0,       0,       0,       0,       0,      0 , 
  3691.7,  3688.1,   4012.7,        0,        0,       0,       0,       0,       0,       0,       0,      0 , 
  4090.6,  4086.1,   4460.5,        0,        0,   395.4,       0,   399.6,       0,       0,   348.3,      0 , 
  4510.8,  4504.9,   4931.8,        0,        0,   452.2,       0,   458.4,       0,       0,   395.3,      0 , 
  4952.2,  4944.6,   5427.3,        0,        0,   511.3,       0,   519.2,       0,       0,   446.5,      0 , 
  5414.7,  5405.5,   5946.7,        0,        0,   572.8,       0,   582.8,       0,       0,   500.3,      0 , 
  5898.8,  5887.6,   6490.4,        0,        0,   637.4,       0,   648.8,       0,       0,   556.3,      0 , 
  6403.8,  6390.8,   7058.0,        0,        0,   705.0,       0,   718.5,       0,       0,   615.2,      0 , 
  6930.3,  6915.3,   7649.4,        0,        0,   776.2,       0,   791.4,       0,       0,   677.8,      0 , 
  7478.2,  7460.9,   8264.7,        0,        0,   851.5,       0,   868.8,       0,       0,   742.7,      0 , 
  8047.8,  8027.8,   8905.3,        0,        0,   929.7,       0,   949.8,       0,       0,   811.1,      0 , 
  8638.9,  8615.8,   9572.0,        0,        0,  1011.7,       0,  1034.7,       0,       0,   884.0,      0 , 
  9251.7,  9224.8,  10264.2,        0,  10260.3,  1097.9,       0,  1124.8,       0,       0,   957.2,      0 , 
  9886.4,  9855.3,  10982.1,        0,  10978.0,  1188.0,       0,  1218.5,       0,       0,  1036.2,      0 , 
 10543.7, 10508.0,  11726.2,  11864.0,  11720.3,  1282.0,       0,  1317.0,       0,       0,  1120.0,      0 , 
 11222.4, 11181.4,  12495.9,  12652.0,  12489.6,  1379.1,       0,  1419.2,       0,       0,  1204.4,      0 , 
 11924.2, 11877.6,  13291.4,  13469.5,  13284.5,  1480.4,       0,  1525.9,       0,       0,  1293.5,      0 , 
 12649.0, 12598.0,  14112.0,  14315.0,  14104.0,  1586.0,       0,  1636.6,       0,       0,  1386.0,      0 , 
 13395.3, 13335.8,  14961.3,  15185.0,  14951.7,  1694.1,  1692.6,  1752.2,       0,       0,  1482.4,      0 , 
 14165.0, 14097.9,  15835.7,  16084.6,  15824.9,  1806.6,  1804.7,  1871.7,       0,       0,  1582.2,      0 , 
 14958.4, 14882.9,  16737.8,  17015.4,  16725.8,  1922.6,  1920.5,  1995.8,       0,       0,  1685.4,      0 , 
 15775.1, 15690.9,  17667.8,  17970.0,  17654.0,  2042.4,  2039.9,  2124.4,  2219.4,  2302.7,  1792.0,      0 , 
 16615.1, 16521.0,  18622.5,  18953.0,  18606.3,  2165.9,  2163.0,  2257.4,  2367.0,  2461.8,  1902.2,      0 , 
 17479.3, 17374.3,  19608.3,  19965.2,  19590.3,  2293.2,  2289.8,  2394.8,  2518.3,  2623.5,  2015.7,      0 , 
 18367.1, 18250.8,  20619.0,  21005.0,  20599.0,  2424.0,  2420.0,  2538.0,  2674.0,  2792.0,  2122.0,      0 , 
 19279.2, 19150.4,  21656.8,  22074.0,  21634.6,  2558.6,  2554.3,  2683.2,  2836.0,  2964.5,  2252.8,      0 , 
 20216.1, 20073.7,  22723.6,  23172.8,  22698.9,  2696.7,  2692.0,  2834.4,  3001.3,  3143.8,  2376.5,      0 , 
 21177.1, 21020.1,  23818.7,  24299.1,  23791.1,  2838.6,  2833.3,  2990.2,  3171.8,  3328.7,  2503.4,      0 , 
 22162.9, 21990.3,  24942.4,  25456.4,  24911.5,  2984.3,  2978.2,  3150.9,  3347.8,  3519.6,  2633.7,      0 , 
 23173.6, 22984.1,  26095.5,  26643.8,  26061.2,  3133.7,  3126.9,  3316.6,  3528.1,  3716.9,  2767.4,      0 , 
 24209.7, 24002.0,  27275.9,  27860.8,  27237.7,  3286.9,  3279.3,  3487.2,  3713.8,  3920.8,  2904.4,      0 , 
 25271.3, 25044.0,  28486.0,  29109.3,  28444.0,  3444.0,  3435.4,  3662.8,  3904.9,  4131.1,  3045.0,      0 , 
 26359.1, 26110.8,  29725.6,  30389.5,  29679.2,  3604.7,  3595.3,  3843.6,  4100.8,  4347.8,  3188.6,      0 , 
 27472.3, 27201.7,  30995.7,  31700.4,  30944.3,  3769.3,  3758.8,  4029.6,  4301.7,  4570.9,  3335.6,      0 , 
 28612.0, 28317.2,  32294.7,  33042.0,  32239.4,  3937.6,  3926.0,  4220.7,  4507.5,  4800.9,  3485.0,      0 , 
 29779.0, 29458.0,  33624.0,  34415.0,  33562.0,  4109.9,  4093.0,  4414.0,  4714.0,  5034.0,  3636.0,      0 , 
 30972.8, 30625.1,  34986.9,  35822.0,  34919.4,  4286.5,  4272.2,  4619.8,  4935.9,  5280.4,  3795.0,      0 , 
 32193.6, 31817.1,  36378.2,  37257.0,  36304.0,  4466.3,  4450.9,  4827.5,  5156.5,  5531.1,  3954.1,      0 , 
 33441.8, 33034.1,  37801.0,  38729.9,  37720.2,  4651.0,  4634.2,  5042.1,  5383.5,  5788.5,  4124.0,  833.0 , 
 34719.7, 34278.9,  39257.3,  40233.0,  39170.1,  4840.2,  4823.0,  5262.2,  5613.4,  6052.0,  4287.5,  883.0 , 
 36026.3, 35550.2,  40748.2,  41773.0,  40652.9,  5033.7,  5013.5,  5488.9,  5850.0,  6322.1,  4453.2,  929.2 , 
 37361.0, 36847.4,  42271.3,  43335.0,  42166.5,  5230.4,  5207.7,  5721.6,  6089.4,  6602.1,  4633.0,  978.0 , 
 38724.7, 38171.2,  43826.0,  44942.0,  43713.0,  5432.0,  5408.0,  5961.0,  6339.0,  6892.0,  4809.0,      0 , 
 40118.1, 39522.4,  45413.0,  46578.0,  45289.0,  5636.1,  5609.0,  6205.1,  6587.0,  7178.0,  4994.5, 1081.0 , 
 41542.2, 40901.9,  47037.9,  48256.0,  46903.6,  5845.7,  5816.6,  6456.4,  6843.2,  7480.3,  5177.2, 1131.0 , 
 42996.2, 42308.9,  48697.0,  49959.0,  48555.0,  6057.2,  6025.0,  6713.2,  7102.8,  7785.8,  5362.1, 1185.0 , 
 44481.6, 43744.1,  50382.0,  51698.0,  50229.0,  6272.8,  6238.0,  6978.0,  7366.7,  8102.0,  5546.7, 1240.0 , 
 45998.4, 45207.8,  52119.0,  53476.0,  51957.0,  6495.2,  6457.7,  7247.7,  7635.7,  8418.8,  5743.1, 1293.0 , 
 47546.7, 46699.7,  53877.0,  55293.0,  53711.0,  6719.8,  6679.5,  7525.3,  7911.0,  8747.0,  5943.4, 1348.0 , 
 49127.7, 48221.1,  55681.0,  57210.0,  55494.0,  6948.7,  6905.0,  7810.9,  8189.0,  9089.0,  6152.0, 1406.0 , 
 50741.6, 49772.6,  57517.0,  59090.0,  57304.0,  7179.9,  7133.1,  8101.0,  8468.0,  9426.0,  6341.9, 1462.0 , 
